format long
lim=0.85+(0.05)*0.3
lsm=0.85+(0.05)*0.55

liu=0.8975+(0.9-0.8975)*0.55
lsu=0.8975+(0.9-0.8975)*0.75

lii=0.898875+(0.899375-0.898875)*0.9
lsi=0.898875+(0.899375-0.898875)*0.95

lic=0.899325+(0.89935-0.899325)*0.75
lsc=0.899325+(0.89935-0.899325)*0.85

lia=0.89934375+(0.89934625-0.89934375)*0.3
lia=0.89934375+(0.89934625-0.89934375)*0.55

lip=0.8993445+(0.899345125-0.8993445)*0
lsp=0.8993445+(0.899345125-0.8993445)*0.3

